6.825077453291213203e+01 2.234985492258494133e-02 1.176419914843436637e-01 5.399999999999999939e-02 2.206487145002887168e-09 9.731160284807498506e-01 4.444084032352250688e+03
6.825077453291213203e+01 2.234985492258494133e-02 1.176419914843436637e-01 5.399999999999999939e-02 2.206487145002887168e-09 9.731160284807498506e-01 4.444084032352250688e+03
6.677769138764348611e+01 2.176759943122078336e-02 1.190256930801327773e-01 5.229782846367294485e-02 2.181887838249860043e-09 9.746031552056263481e-01 4.046606182826124041e+03
6.543686008455014758e+01 2.143949601564679522e-02 1.211525264317692002e-01 5.025109555615668577e-02 2.052907480190287151e-09 9.671621708949538210e-01 2.680036776182041649e+03
6.543686008455014758e+01 2.143949601564679522e-02 1.211525264317692002e-01 5.025109555615668577e-02 2.052907480190287151e-09 9.671621708949538210e-01 2.680036776182041649e+03
6.543686008455014758e+01 2.143949601564679522e-02 1.211525264317692002e-01 5.025109555615668577e-02 2.052907480190287151e-09 9.671621708949538210e-01 2.680036776182041649e+03
6.630497288747658047e+01 2.186643669855958122e-02 1.198212989490576585e-01 5.017737739137748815e-02 2.066977026598178408e-09 9.654840466109062547e-01 2.602665326903297228e+03
6.630497288747658047e+01 2.186643669855958122e-02 1.198212989490576585e-01 5.017737739137748815e-02 2.066977026598178408e-09 9.654840466109062547e-01 2.602665326903297228e+03
6.630497288747658047e+01 2.186643669855958122e-02 1.198212989490576585e-01 5.017737739137748815e-02 2.066977026598178408e-09 9.654840466109062547e-01 2.602665326903297228e+03
6.630497288747658047e+01 2.186643669855958122e-02 1.198212989490576585e-01 5.017737739137748815e-02 2.066977026598178408e-09 9.654840466109062547e-01 2.602665326903297228e+03
