6.825077453291213203e+01 2.234985492258494133e-02 1.176419914843436637e-01 5.399999999999999939e-02 2.206487145002887168e-09 9.731160284807498506e-01 4.444084032352250688e+03
6.766546905656981892e+01 2.219625245940713698e-02 1.192616723107428750e-01 5.570987308607472377e-02 2.220689825363568685e-09 9.727009026351959298e-01 4.430837639245503851e+03
6.935762771302479734e+01 2.223111565440982762e-02 1.151521225825355987e-01 5.096084855063594959e-02 2.174488667297675049e-09 9.824292793766801202e-01 4.346144637991323179e+03
6.935762771302479734e+01 2.223111565440982762e-02 1.151521225825355987e-01 5.096084855063594959e-02 2.174488667297675049e-09 9.824292793766801202e-01 4.346144637991323179e+03
6.935762771302479734e+01 2.223111565440982762e-02 1.151521225825355987e-01 5.096084855063594959e-02 2.174488667297675049e-09 9.824292793766801202e-01 4.346144637991323179e+03
6.764104357117501820e+01 2.211120591137049132e-02 1.194716959068223144e-01 5.939435043648406271e-02 2.233911478672424508e-09 9.711502070995370328e-01 4.234782333763998395e+03
6.764104357117501820e+01 2.211120591137049132e-02 1.194716959068223144e-01 5.939435043648406271e-02 2.233911478672424508e-09 9.711502070995370328e-01 4.234782333763998395e+03
6.780686074589853263e+01 2.212245083899732484e-02 1.193491159509448285e-01 6.905730445802310546e-02 2.274854816495173110e-09 9.718458979712704116e-01 4.170303891985216978e+03
6.780686074589853263e+01 2.212245083899732484e-02 1.193491159509448285e-01 6.905730445802310546e-02 2.274854816495173110e-09 9.718458979712704116e-01 4.170303891985216978e+03
6.640320755803952579e+01 2.206603212885394072e-02 1.231861407217711285e-01 7.813283415760075012e-02 2.334767261347777886e-09 9.587411170208163247e-01 3.934610551025888526e+03
6.568906382900928520e+01 2.197307691363481821e-02 1.243984940785792109e-01 6.977879959910489316e-02 2.304368697092257874e-09 9.506669190292271754e-01 3.872118142590047682e+03
6.560437320260339789e+01 2.213672501169071383e-02 1.241396675804056077e-01 7.358468596435353837e-02 2.315205631346775441e-09 9.486804837143949509e-01 3.767073358513670428e+03
6.521327479418368966e+01 2.224249283384997083e-02 1.249267349472352462e-01 6.974705398743663576e-02 2.292712473578814785e-09 9.496814263770569919e-01 3.667396671437617442e+03
6.591093392160034625e+01 2.227770234832222862e-02 1.229801732882922771e-01 6.765673166265069594e-02 2.271060460941897117e-09 9.519284446743599970e-01 3.602260544542071784e+03
6.591093392160034625e+01 2.227770234832222862e-02 1.229801732882922771e-01 6.765673166265069594e-02 2.271060460941897117e-09 9.519284446743599970e-01 3.602260544542071784e+03
6.591093392160034625e+01 2.227770234832222862e-02 1.229801732882922771e-01 6.765673166265069594e-02 2.271060460941897117e-09 9.519284446743599970e-01 3.602260544542071784e+03
6.513903278036983124e+01 2.232225367972561977e-02 1.250209178000571963e-01 7.547316582974365751e-02 2.310057820658849762e-09 9.498502388989032985e-01 3.510495651526922302e+03
6.494835201930045798e+01 2.257276593408901258e-02 1.253974673496844605e-01 8.013349876397986293e-02 2.324158378057332196e-09 9.521247434493272932e-01 3.470876832394788380e+03
6.454116615315507488e+01 2.256190068405248758e-02 1.260119875931875744e-01 9.084732314277972620e-02 2.364872738604076186e-09 9.529513552719660607e-01 3.352697331707484864e+03
6.585809674348708143e+01 2.241701741054424532e-02 1.231119734593268539e-01 8.382631260869599643e-02 2.320625126254607764e-09 9.606984196671938259e-01 3.343898806285057162e+03
6.580124412716428139e+01 2.234768036765359331e-02 1.233280571378050916e-01 8.414991604271539194e-02 2.321875618302372865e-09 9.622302662458747102e-01 3.340212033422044897e+03
6.580124412716428139e+01 2.234768036765359331e-02 1.233280571378050916e-01 8.414991604271539194e-02 2.321875618302372865e-09 9.622302662458747102e-01 3.340212033422044897e+03
6.580124412716428139e+01 2.234768036765359331e-02 1.233280571378050916e-01 8.414991604271539194e-02 2.321875618302372865e-09 9.622302662458747102e-01 3.340212033422044897e+03
6.632744485049609295e+01 2.222363035568443793e-02 1.212721032606530608e-01 9.159337546147916509e-02 2.336358144304841025e-09 9.663556616227024776e-01 3.229235329425248437e+03
6.732930014720302836e+01 2.206261318177133238e-02 1.183524440788475823e-01 1.061202406701160367e-01 2.378218967809600349e-09 9.782153853700454871e-01 3.205126856639357356e+03
6.732930014720302836e+01 2.206261318177133238e-02 1.183524440788475823e-01 1.061202406701160367e-01 2.378218967809600349e-09 9.782153853700454871e-01 3.205126856639357356e+03
6.732930014720302836e+01 2.206261318177133238e-02 1.183524440788475823e-01 1.061202406701160367e-01 2.378218967809600349e-09 9.782153853700454871e-01 3.205126856639357356e+03
6.732930014720302836e+01 2.206261318177133238e-02 1.183524440788475823e-01 1.061202406701160367e-01 2.378218967809600349e-09 9.782153853700454871e-01 3.205126856639357356e+03
6.732930014720302836e+01 2.206261318177133238e-02 1.183524440788475823e-01 1.061202406701160367e-01 2.378218967809600349e-09 9.782153853700454871e-01 3.205126856639357356e+03
6.732930014720302836e+01 2.206261318177133238e-02 1.183524440788475823e-01 1.061202406701160367e-01 2.378218967809600349e-09 9.782153853700454871e-01 3.205126856639357356e+03
6.732930014720302836e+01 2.206261318177133238e-02 1.183524440788475823e-01 1.061202406701160367e-01 2.378218967809600349e-09 9.782153853700454871e-01 3.205126856639357356e+03
6.731976693285923830e+01 2.225988423998455021e-02 1.192928331086003518e-01 1.133823056728818224e-01 2.412077098494380029e-09 9.793862212880847240e-01 3.150257666684779451e+03
6.711483321393828305e+01 2.235659096157566889e-02 1.206383038311617528e-01 1.101150075263678946e-01 2.407550441927096652e-09 9.762814658851204364e-01 3.142720730304589324e+03
6.711483321393828305e+01 2.235659096157566889e-02 1.206383038311617528e-01 1.101150075263678946e-01 2.407550441927096652e-09 9.762814658851204364e-01 3.142720730304589324e+03
6.711483321393828305e+01 2.235659096157566889e-02 1.206383038311617528e-01 1.101150075263678946e-01 2.407550441927096652e-09 9.762814658851204364e-01 3.142720730304589324e+03
6.716875861801875658e+01 2.226943058520797214e-02 1.202464329393949927e-01 1.175080798986139624e-01 2.435168793805725820e-09 9.760081156736031271e-01 3.067372507594943727e+03
6.716875861801875658e+01 2.226943058520797214e-02 1.202464329393949927e-01 1.175080798986139624e-01 2.435168793805725820e-09 9.760081156736031271e-01 3.067372507594943727e+03
6.617405509075601344e+01 2.178721073585994025e-02 1.217584749726638021e-01 1.162003214172404736e-01 2.431230042419212395e-09 9.726511758514122530e-01 2.996770574475506692e+03
6.756042959409478499e+01 2.205805196536931440e-02 1.187437934234509829e-01 1.272357730755131755e-01 2.459560960284448666e-09 9.824230498824683133e-01 2.984271938462642993e+03
6.756042959409478499e+01 2.205805196536931440e-02 1.187437934234509829e-01 1.272357730755131755e-01 2.459560960284448666e-09 9.824230498824683133e-01 2.984271938462642993e+03
6.651933826010032647e+01 2.187935300634603203e-02 1.213287624464981923e-01 1.308439236433521502e-01 2.485915019785534172e-09 9.788621663509023962e-01 2.949183546758735702e+03
6.651933826010032647e+01 2.187935300634603203e-02 1.213287624464981923e-01 1.308439236433521502e-01 2.485915019785534172e-09 9.788621663509023962e-01 2.949183546758735702e+03
6.651933826010032647e+01 2.187935300634603203e-02 1.213287624464981923e-01 1.308439236433521502e-01 2.485915019785534172e-09 9.788621663509023962e-01 2.949183546758735702e+03
6.591856139997203456e+01 2.176946319390053383e-02 1.225122327573014425e-01 1.227477060611708026e-01 2.452123326848868850e-09 9.737849450605464696e-01 2.893137424251431185e+03
6.591856139997203456e+01 2.176946319390053383e-02 1.225122327573014425e-01 1.227477060611708026e-01 2.452123326848868850e-09 9.737849450605464696e-01 2.893137424251431185e+03
6.591856139997203456e+01 2.176946319390053383e-02 1.225122327573014425e-01 1.227477060611708026e-01 2.452123326848868850e-09 9.737849450605464696e-01 2.893137424251431185e+03
6.528909313150285243e+01 2.154481377839531989e-02 1.237692898242441081e-01 1.304252892832549748e-01 2.489107376606304400e-09 9.742308314264654934e-01 2.889974152848992617e+03
6.528482477289590236e+01 2.154067607014359398e-02 1.235672198354668821e-01 1.313025113882957395e-01 2.481154180906732503e-09 9.782685855895868476e-01 2.863000837265654809e+03
6.528482477289590236e+01 2.154067607014359398e-02 1.235672198354668821e-01 1.313025113882957395e-01 2.481154180906732503e-09 9.782685855895868476e-01 2.863000837265654809e+03
6.528482477289590236e+01 2.154067607014359398e-02 1.235672198354668821e-01 1.313025113882957395e-01 2.481154180906732503e-09 9.782685855895868476e-01 2.863000837265654809e+03
6.506042890384570399e+01 2.174893618502280260e-02 1.241234643688615830e-01 1.265532074281932595e-01 2.459591433484081166e-09 9.766689245215317561e-01 2.853955720075524823e+03
6.417727247872699081e+01 2.155497002089546213e-02 1.261220109868173012e-01 1.293224268124175402e-01 2.487480593397050986e-09 9.699091677990194782e-01 2.853746959952955876e+03
6.481607547708421180e+01 2.178012332189854100e-02 1.248547316644605942e-01 1.234096828817276004e-01 2.455062844406343802e-09 9.699516048781962052e-01 2.830909018218025722e+03
6.481607547708421180e+01 2.178012332189854100e-02 1.248547316644605942e-01 1.234096828817276004e-01 2.455062844406343802e-09 9.699516048781962052e-01 2.830909018218025722e+03
6.418882481612091340e+01 2.165146296335485748e-02 1.257391809970266061e-01 1.214083621351278869e-01 2.444463135461594141e-09 9.682907484903613415e-01 2.814717298819094594e+03
6.661998379934688330e+01 2.239855159673916768e-02 1.215444264789899836e-01 1.193766808618916403e-01 2.421590013724690024e-09 9.738134367247761602e-01 2.809859906455758846e+03
6.459192984607601318e+01 2.202427140089283433e-02 1.253951176636379228e-01 1.329849814293992405e-01 2.494412462299170506e-09 9.640583514929959019e-01 2.782347865661345168e+03
6.459192984607601318e+01 2.202427140089283433e-02 1.253951176636379228e-01 1.329849814293992405e-01 2.494412462299170506e-09 9.640583514929959019e-01 2.782347865661345168e+03
6.459192984607601318e+01 2.202427140089283433e-02 1.253951176636379228e-01 1.329849814293992405e-01 2.494412462299170506e-09 9.640583514929959019e-01 2.782347865661345168e+03
6.459192984607601318e+01 2.202427140089283433e-02 1.253951176636379228e-01 1.329849814293992405e-01 2.494412462299170506e-09 9.640583514929959019e-01 2.782347865661345168e+03
6.460241348824007446e+01 2.196608566308714053e-02 1.254097492960628557e-01 1.228131448326424957e-01 2.456557740969377000e-09 9.576948965218499144e-01 2.757938534041603816e+03
6.460241348824007446e+01 2.196608566308714053e-02 1.254097492960628557e-01 1.228131448326424957e-01 2.456557740969377000e-09 9.576948965218499144e-01 2.757938534041603816e+03
6.634262360697957206e+01 2.218527610198489999e-02 1.211191509910026221e-01 1.261452474147298497e-01 2.446696000116491231e-09 9.651987121169804951e-01 2.743969382248834791e+03
6.634262360697957206e+01 2.218527610198489999e-02 1.211191509910026221e-01 1.261452474147298497e-01 2.446696000116491231e-09 9.651987121169804951e-01 2.743969382248834791e+03
6.634262360697957206e+01 2.218527610198489999e-02 1.211191509910026221e-01 1.261452474147298497e-01 2.446696000116491231e-09 9.651987121169804951e-01 2.743969382248834791e+03
6.634262360697957206e+01 2.218527610198489999e-02 1.211191509910026221e-01 1.261452474147298497e-01 2.446696000116491231e-09 9.651987121169804951e-01 2.743969382248834791e+03
6.634262360697957206e+01 2.218527610198489999e-02 1.211191509910026221e-01 1.261452474147298497e-01 2.446696000116491231e-09 9.651987121169804951e-01 2.743969382248834791e+03
6.634262360697957206e+01 2.218527610198489999e-02 1.211191509910026221e-01 1.261452474147298497e-01 2.446696000116491231e-09 9.651987121169804951e-01 2.743969382248834791e+03
6.634262360697957206e+01 2.218527610198489999e-02 1.211191509910026221e-01 1.261452474147298497e-01 2.446696000116491231e-09 9.651987121169804951e-01 2.743969382248834791e+03
6.634262360697957206e+01 2.218527610198489999e-02 1.211191509910026221e-01 1.261452474147298497e-01 2.446696000116491231e-09 9.651987121169804951e-01 2.743969382248834791e+03
6.603509242020400904e+01 2.232359604319366156e-02 1.218523807467293829e-01 1.324349998599869405e-01 2.476689042238419310e-09 9.599913970221024551e-01 2.744152987393939384e+03
6.817673005075158699e+01 2.256491921105545709e-02 1.179181256893412355e-01 1.351849845043402443e-01 2.466640323766169720e-09 9.731845454407984652e-01 2.730090016868277417e+03
6.817673005075158699e+01 2.256491921105545709e-02 1.179181256893412355e-01 1.351849845043402443e-01 2.466640323766169720e-09 9.731845454407984652e-01 2.730090016868277417e+03
6.817673005075158699e+01 2.256491921105545709e-02 1.179181256893412355e-01 1.351849845043402443e-01 2.466640323766169720e-09 9.731845454407984652e-01 2.730090016868277417e+03
6.782120632659626835e+01 2.280581126600788461e-02 1.199219505173994421e-01 1.258193998491710930e-01 2.443334319283867858e-09 9.670316656643517250e-01 2.728742029736765289e+03
6.782120632659626835e+01 2.280581126600788461e-02 1.199219505173994421e-01 1.258193998491710930e-01 2.443334319283867858e-09 9.670316656643517250e-01 2.728742029736765289e+03
6.782120632659626835e+01 2.280581126600788461e-02 1.199219505173994421e-01 1.258193998491710930e-01 2.443334319283867858e-09 9.670316656643517250e-01 2.728742029736765289e+03
6.877812231339224525e+01 2.268573592324409777e-02 1.172222343262452060e-01 1.368071085458063552e-01 2.473065403278635620e-09 9.730345665468550509e-01 2.727463548306345729e+03
6.877812231339224525e+01 2.268573592324409777e-02 1.172222343262452060e-01 1.368071085458063552e-01 2.473065403278635620e-09 9.730345665468550509e-01 2.727463548306345729e+03
6.730924738522330131e+01 2.237160371588010552e-02 1.198206000077504246e-01 1.337633006881123743e-01 2.470652060550716192e-09 9.692970112960154205e-01 2.726184471052389199e+03
6.730924738522330131e+01 2.237160371588010552e-02 1.198206000077504246e-01 1.337633006881123743e-01 2.470652060550716192e-09 9.692970112960154205e-01 2.726184471052389199e+03
6.730924738522330131e+01 2.237160371588010552e-02 1.198206000077504246e-01 1.337633006881123743e-01 2.470652060550716192e-09 9.692970112960154205e-01 2.726184471052389199e+03
6.746559431415528252e+01 2.222656671796120406e-02 1.192872272246915250e-01 1.274561566440621241e-01 2.441820291000722692e-09 9.718322791548777984e-01 2.727650104626511165e+03
6.520505359681425261e+01 2.194738769105526385e-02 1.251088411088921160e-01 1.232358374533578521e-01 2.450587998094396412e-09 9.611555740355375299e-01 2.713231659709848827e+03
6.490836888837840490e+01 2.192231654874013738e-02 1.258890759138296678e-01 1.265127348597188672e-01 2.468697525626605860e-09 9.570711733741932292e-01 2.710241101552756390e+03
6.490836888837840490e+01 2.192231654874013738e-02 1.258890759138296678e-01 1.265127348597188672e-01 2.468697525626605860e-09 9.570711733741932292e-01 2.710241101552756390e+03
6.332421397382358919e+01 2.171585236422484202e-02 1.295745055288108349e-01 1.115274516590118309e-01 2.424892557621285933e-09 9.467652778172861439e-01 2.703385596592419461e+03
6.332421397382358919e+01 2.171585236422484202e-02 1.295745055288108349e-01 1.115274516590118309e-01 2.424892557621285933e-09 9.467652778172861439e-01 2.703385596592419461e+03
6.332421397382358919e+01 2.171585236422484202e-02 1.295745055288108349e-01 1.115274516590118309e-01 2.424892557621285933e-09 9.467652778172861439e-01 2.703385596592419461e+03
6.368015778545379391e+01 2.170202032018439531e-02 1.287633917364900682e-01 1.095698392001918098e-01 2.410033230366304853e-09 9.480210055160585014e-01 2.689579013729972758e+03
6.368015778545379391e+01 2.170202032018439531e-02 1.287633917364900682e-01 1.095698392001918098e-01 2.410033230366304853e-09 9.480210055160585014e-01 2.689579013729972758e+03
6.368015778545379391e+01 2.170202032018439531e-02 1.287633917364900682e-01 1.095698392001918098e-01 2.410033230366304853e-09 9.480210055160585014e-01 2.689579013729972758e+03
6.405342023653025763e+01 2.175567944732438239e-02 1.288306106230684700e-01 1.046691143383008948e-01 2.388725849332638335e-09 9.504541900809979627e-01 2.685885472984608896e+03
6.405342023653025763e+01 2.175567944732438239e-02 1.288306106230684700e-01 1.046691143383008948e-01 2.388725849332638335e-09 9.504541900809979627e-01 2.685885472984608896e+03
6.405342023653025763e+01 2.175567944732438239e-02 1.288306106230684700e-01 1.046691143383008948e-01 2.388725849332638335e-09 9.504541900809979627e-01 2.685885472984608896e+03
6.405342023653025763e+01 2.175567944732438239e-02 1.288306106230684700e-01 1.046691143383008948e-01 2.388725849332638335e-09 9.504541900809979627e-01 2.685885472984608896e+03
6.452841261493747993e+01 2.197064317956876761e-02 1.278369171674558769e-01 9.923596725359666582e-02 2.360171942059123536e-09 9.539756892875400629e-01 2.683673290533531144e+03
6.452841261493747993e+01 2.197064317956876761e-02 1.278369171674558769e-01 9.923596725359666582e-02 2.360171942059123536e-09 9.539756892875400629e-01 2.683673290533531144e+03
6.452841261493747993e+01 2.197064317956876761e-02 1.278369171674558769e-01 9.923596725359666582e-02 2.360171942059123536e-09 9.539756892875400629e-01 2.683673290533531144e+03
6.452841261493747993e+01 2.197064317956876761e-02 1.278369171674558769e-01 9.923596725359666582e-02 2.360171942059123536e-09 9.539756892875400629e-01 2.683673290533531144e+03
